angle(rad),range(m),convolved,disparities,extended,smoothed
-3.124139 8.232000 0.000000 0.000000 0.000000 0.000000
-3.118332 8.192000 0.000000 0.000000 0.000000 0.000000
-3.112525 8.184000 0.000000 0.000000 0.000000 0.000000
-3.106718 8.216000 0.000000 0.000000 0.000000 0.000000
-3.100911 8.256000 0.000000 0.000000 0.000000 0.000000
-3.095104 8.216000 0.000000 0.000000 0.000000 0.000000
-3.089297 8.224000 0.000000 0.000000 0.000000 0.000000
-3.083490 8.264000 0.000000 0.000000 0.000000 0.000000
-3.077683 8.232000 0.000000 0.000000 0.000000 0.000000
-3.071876 8.240000 0.000000 0.000000 0.000000 0.000000
-3.066069 8.216000 0.000000 0.000000 0.000000 0.000000
-3.060262 8.208000 0.000000 0.000000 0.000000 0.000000
-3.054455 8.216000 0.000000 0.000000 0.000000 0.000000
-3.048648 8.216000 0.000000 0.000000 0.000000 0.000000
-3.042841 8.216000 0.000000 0.000000 0.000000 0.000000
-3.037034 8.208000 0.000000 0.000000 0.000000 0.000000
-3.031227 8.176000 0.000000 0.000000 0.000000 0.000000
-3.025420 8.176000 0.000000 0.000000 0.000000 0.000000
-3.019613 8.200000 0.000000 0.000000 0.000000 0.000000
-3.013806 8.200000 0.000000 0.000000 0.000000 0.000000
-3.007999 8.224000 0.000000 0.000000 0.000000 0.000000
-3.002192 8.288000 0.000000 0.000000 0.000000 0.000000
-2.996386 8.288000 0.000000 0.000000 0.000000 0.000000
-2.990579 8.400000 0.000000 0.000000 0.000000 0.000000
-2.984772 8.096000 0.000000 0.000000 0.000000 0.000000
-2.978965 8.096000 0.000000 0.000000 0.000000 0.000000
-2.973158 8.192000 0.000000 0.000000 0.000000 0.000000
-2.967351 8.192000 0.000000 0.000000 0.000000 0.000000
-2.961544 8.192000 0.000000 0.000000 0.000000 0.000000
-2.955737 8.240000 0.000000 0.000000 0.000000 0.000000
-2.949930 8.264000 0.000000 0.000000 0.000000 0.000000
-2.944123 8.272000 0.000000 0.000000 0.000000 0.000000
-2.938316 8.376000 0.000000 0.000000 0.000000 0.000000
-2.932509 8.408000 0.000000 0.000000 0.000000 0.000000
-2.926702 8.296000 0.000000 0.000000 0.000000 0.000000
-2.920895 8.336000 0.000000 0.000000 0.000000 0.000000
-2.915088 8.408000 0.000000 0.000000 0.000000 0.000000
-2.909281 8.384000 0.000000 0.000000 0.000000 0.000000
-2.903474 8.448000 0.000000 0.000000 0.000000 0.000000
-2.897667 8.488000 0.000000 0.000000 0.000000 0.000000
-2.891860 8.472000 0.000000 0.000000 0.000000 0.000000
-2.886053 8.472000 0.000000 0.000000 0.000000 0.000000
-2.880246 8.480000 0.000000 0.000000 0.000000 0.000000
-2.874439 8.496000 0.000000 0.000000 0.000000 0.000000
-2.868632 8.496000 0.000000 0.000000 0.000000 0.000000
-2.862825 8.536000 0.000000 0.000000 0.000000 0.000000
-2.857018 8.536000 0.000000 0.000000 0.000000 0.000000
-2.851211 8.520000 0.000000 0.000000 0.000000 0.000000
-2.845404 8.520000 0.000000 0.000000 0.000000 0.000000
-2.839597 8.536000 0.000000 0.000000 0.000000 0.000000
-2.833790 8.520000 0.000000 0.000000 0.000000 0.000000
-2.827983 8.536000 0.000000 0.000000 0.000000 0.000000
-2.822176 8.552000 0.000000 0.000000 0.000000 0.000000
-2.816369 8.568000 0.000000 0.000000 0.000000 0.000000
-2.810562 8.592000 0.000000 0.000000 0.000000 0.000000
-2.804755 8.608000 0.000000 0.000000 0.000000 0.000000
-2.798948 25.000000 0.000000 0.000000 0.000000 0.000000
-2.793141 25.000000 0.000000 0.000000 0.000000 0.000000
-2.787334 25.000000 0.000000 0.000000 0.000000 0.000000
-2.781527 25.000000 0.000000 0.000000 0.000000 0.000000
-2.775720 25.000000 0.000000 0.000000 0.000000 0.000000
-2.769913 25.000000 0.000000 0.000000 0.000000 0.000000
-2.764106 25.000000 0.000000 0.000000 0.000000 0.000000
-2.758299 25.000000 0.000000 0.000000 0.000000 0.000000
-2.752492 25.000000 0.000000 0.000000 0.000000 0.000000
-2.746685 25.000000 0.000000 0.000000 0.000000 0.000000
-2.740878 25.000000 0.000000 0.000000 0.000000 0.000000
-2.735071 9.016000 0.000000 0.000000 0.000000 0.000000
-2.729264 9.016000 0.000000 0.000000 0.000000 0.000000
-2.723457 9.016000 0.000000 0.000000 0.000000 0.000000
-2.717650 9.008000 0.000000 0.000000 0.000000 0.000000
-2.711843 9.008000 0.000000 0.000000 0.000000 0.000000
-2.706036 9.032000 0.000000 0.000000 0.000000 0.000000
-2.700230 9.072000 0.000000 0.000000 0.000000 0.000000
-2.694423 9.088000 0.000000 0.000000 0.000000 0.000000
-2.688616 9.112000 0.000000 0.000000 0.000000 0.000000
-2.682809 25.000000 0.000000 0.000000 0.000000 0.000000
-2.677002 25.000000 0.000000 0.000000 0.000000 0.000000
-2.671195 25.000000 0.000000 0.000000 0.000000 0.000000
-2.665388 25.000000 0.000000 0.000000 0.000000 0.000000
-2.659581 25.000000 0.000000 0.000000 0.000000 0.000000
-2.653774 25.000000 0.000000 0.000000 0.000000 0.000000
-2.647967 25.000000 0.000000 0.000000 0.000000 0.000000
-2.642160 25.000000 0.000000 0.000000 0.000000 0.000000
-2.636353 25.000000 0.000000 0.000000 0.000000 0.000000
-2.630546 25.000000 0.000000 0.000000 0.000000 0.000000
-2.624739 25.000000 0.000000 0.000000 0.000000 0.000000
-2.618932 25.000000 0.000000 0.000000 0.000000 0.000000
-2.613125 25.000000 0.000000 0.000000 0.000000 0.000000
-2.607318 25.000000 0.000000 0.000000 0.000000 0.000000
-2.601511 25.000000 0.000000 0.000000 0.000000 0.000000
-2.595704 25.000000 0.000000 0.000000 0.000000 0.000000
-2.589897 9.792000 0.000000 0.000000 0.000000 0.000000
-2.584090 9.792000 0.000000 0.000000 0.000000 0.000000
-2.578283 9.792000 0.000000 0.000000 0.000000 0.000000
-2.572476 25.000000 0.000000 0.000000 0.000000 0.000000
-2.566669 25.000000 0.000000 0.000000 0.000000 0.000000
-2.560862 6.952000 0.000000 0.000000 0.000000 0.000000
-2.555055 6.952000 0.000000 0.000000 0.000000 0.000000
-2.549248 6.952000 0.000000 0.000000 0.000000 0.000000
-2.543441 6.912000 0.000000 0.000000 0.000000 0.000000
-2.537634 25.000000 0.000000 0.000000 0.000000 0.000000
-2.531827 25.000000 0.000000 0.000000 0.000000 0.000000
-2.526020 8.032000 0.000000 0.000000 0.000000 0.000000
-2.520213 8.032000 0.000000 0.000000 0.000000 0.000000
-2.514406 8.032000 0.000000 0.000000 0.000000 0.000000
-2.508599 8.008000 0.000000 0.000000 0.000000 0.000000
-2.502792 25.000000 0.000000 0.000000 0.000000 0.000000
-2.496985 25.000000 0.000000 0.000000 0.000000 0.000000
-2.491178 25.000000 0.000000 0.000000 0.000000 0.000000
-2.485371 25.000000 0.000000 0.000000 0.000000 0.000000
-2.479564 25.000000 0.000000 0.000000 0.000000 0.000000
-2.473757 25.000000 0.000000 0.000000 0.000000 0.000000
-2.467950 25.000000 0.000000 0.000000 0.000000 0.000000
-2.462143 7.888000 0.000000 0.000000 0.000000 0.000000
-2.456336 7.888000 0.000000 0.000000 0.000000 0.000000
-2.450529 7.888000 0.000000 0.000000 0.000000 0.000000
-2.444722 7.720000 0.000000 0.000000 0.000000 0.000000
-2.438915 7.720000 0.000000 0.000000 0.000000 0.000000
-2.433108 7.704000 0.000000 0.000000 0.000000 0.000000
-2.427301 7.520000 0.000000 0.000000 0.000000 0.000000
-2.421494 7.608000 0.000000 0.000000 0.000000 0.000000
-2.415687 7.752000 0.000000 0.000000 0.000000 0.000000
-2.409880 7.824000 0.000000 0.000000 0.000000 0.000000
-2.404074 7.776000 0.000000 0.000000 0.000000 0.000000
-2.398267 7.608000 0.000000 0.000000 0.000000 0.000000
-2.392460 7.608000 0.000000 0.000000 0.000000 0.000000
-2.386653 7.608000 0.000000 0.000000 0.000000 0.000000
-2.380846 7.568000 0.000000 0.000000 0.000000 0.000000
-2.375039 7.568000 0.000000 0.000000 0.000000 0.000000
-2.369232 7.552000 0.000000 0.000000 0.000000 0.000000
-2.363425 7.504000 0.000000 0.000000 0.000000 0.000000
-2.357618 7.480000 0.000000 0.000000 0.000000 0.000000
-2.351811 7.416000 0.000000 0.000000 0.000000 0.000000
-2.346004 7.352000 0.000000 0.000000 0.000000 0.000000
-2.340197 7.328000 0.000000 0.000000 0.000000 0.000000
-2.334390 7.360000 0.000000 0.000000 0.000000 0.000000
-2.328583 7.392000 0.000000 0.000000 0.000000 0.000000
-2.322776 11.032000 0.000000 0.000000 0.000000 0.000000
-2.316969 11.192000 0.000000 0.000000 0.000000 0.000000
-2.311162 11.192000 0.000000 0.000000 0.000000 0.000000
-2.305355 12.856000 0.000000 0.000000 0.000000 0.000000
-2.299548 12.888000 0.000000 0.000000 0.000000 0.000000
-2.293741 12.888000 0.000000 0.000000 0.000000 0.000000
-2.287934 12.888000 0.000000 0.000000 0.000000 0.000000
-2.282127 12.888000 0.000000 0.000000 0.000000 0.000000
-2.276320 12.888000 0.000000 0.000000 0.000000 0.000000
-2.270513 12.896000 0.000000 0.000000 0.000000 0.000000
-2.264706 12.912000 0.000000 0.000000 0.000000 0.000000
-2.258899 12.960000 0.000000 0.000000 0.000000 0.000000
-2.253092 13.024000 0.000000 0.000000 0.000000 0.000000
-2.247285 25.000000 0.000000 0.000000 0.000000 0.000000
-2.241478 25.000000 0.000000 0.000000 0.000000 0.000000
-2.235671 25.000000 0.000000 0.000000 0.000000 0.000000
-2.229864 25.000000 0.000000 0.000000 0.000000 0.000000
-2.224057 9.072000 0.000000 0.000000 0.000000 0.000000
-2.218250 9.072000 0.000000 0.000000 0.000000 0.000000
-2.212443 9.072000 0.000000 0.000000 0.000000 0.000000
-2.206636 25.000000 0.000000 0.000000 0.000000 0.000000
-2.200829 25.000000 0.000000 0.000000 0.000000 0.000000
-2.195022 25.000000 0.000000 0.000000 0.000000 0.000000
-2.189215 25.000000 0.000000 0.000000 0.000000 0.000000
-2.183408 25.000000 0.000000 0.000000 0.000000 0.000000
-2.177601 9.408000 0.000000 0.000000 0.000000 0.000000
-2.171794 9.408000 0.000000 0.000000 0.000000 0.000000
-2.165987 9.408000 0.000000 0.000000 0.000000 0.000000
-2.160180 9.392000 0.000000 0.000000 0.000000 0.000000
-2.154373 9.392000 0.000000 0.000000 0.000000 0.000000
-2.148566 9.392000 0.000000 0.000000 0.000000 0.000000
-2.142759 25.000000 0.000000 0.000000 0.000000 0.000000
-2.136952 25.000000 0.000000 0.000000 0.000000 0.000000
-2.131145 25.000000 0.000000 0.000000 0.000000 0.000000
-2.125338 25.000000 0.000000 0.000000 0.000000 0.000000
-2.119531 25.000000 0.000000 0.000000 0.000000 0.000000
-2.113724 10.768000 0.000000 0.000000 0.000000 0.000000
-2.107918 10.768000 0.000000 0.000000 0.000000 0.000000
-2.102111 10.768000 0.000000 0.000000 0.000000 0.000000
-2.096304 10.792000 0.000000 0.000000 0.000000 0.000000
-2.090497 10.728000 0.000000 0.000000 0.000000 0.000000
-2.084690 25.000000 0.000000 0.000000 0.000000 0.000000
-2.078883 25.000000 0.000000 0.000000 0.000000 0.000000
-2.073076 25.000000 0.000000 0.000000 0.000000 0.000000
-2.067269 25.000000 0.000000 0.000000 0.000000 0.000000
-2.061462 25.000000 0.000000 0.000000 0.000000 0.000000
-2.055655 25.000000 0.000000 0.000000 0.000000 0.000000
-2.049848 5.848000 0.000000 0.000000 0.000000 0.000000
-2.044041 5.848000 0.000000 0.000000 0.000000 0.000000
-2.038234 5.848000 0.000000 0.000000 0.000000 0.000000
-2.032427 5.832000 0.000000 0.000000 0.000000 0.000000
-2.026620 5.832000 0.000000 0.000000 0.000000 0.000000
-2.020813 5.832000 0.000000 0.000000 0.000000 0.000000
-2.015006 5.808000 0.000000 0.000000 0.000000 0.000000
-2.009199 5.776000 0.000000 0.000000 0.000000 0.000000
-2.003392 5.752000 0.000000 0.000000 0.000000 0.000000
-1.997585 5.736000 0.000000 0.000000 0.000000 0.000000
-1.991778 5.728000 0.000000 0.000000 0.000000 0.000000
-1.985971 5.728000 0.000000 0.000000 0.000000 0.000000
-1.980164 5.712000 0.000000 0.000000 0.000000 0.000000
-1.974357 5.688000 0.000000 0.000000 0.000000 0.000000
-1.968550 5.688000 0.000000 0.000000 0.000000 0.000000
-1.962743 5.680000 0.000000 0.000000 0.000000 0.000000
-1.956936 5.672000 0.000000 0.000000 0.000000 0.000000
-1.951129 5.656000 0.000000 0.000000 0.000000 0.000000
-1.945322 5.632000 0.000000 0.000000 0.000000 0.000000
-1.939515 5.608000 0.000000 0.000000 0.000000 0.000000
-1.933708 5.608000 0.000000 0.000000 0.000000 0.000000
-1.927901 5.600000 0.000000 0.000000 0.000000 0.000000
-1.922094 5.576000 0.000000 0.000000 0.000000 0.000000
-1.916287 5.568000 0.000000 0.000000 0.000000 0.000000
-1.910480 5.568000 0.000000 0.000000 0.000000 0.000000
-1.904673 5.552000 0.000000 0.000000 0.000000 0.000000
-1.898866 5.104000 0.000000 0.000000 0.000000 0.000000
-1.893059 5.104000 0.000000 0.000000 0.000000 0.000000
-1.887252 5.056000 0.000000 0.000000 0.000000 0.000000
-1.881445 4.920000 0.000000 0.000000 0.000000 0.000000
-1.875638 4.880000 0.000000 0.000000 0.000000 0.000000
-1.869831 5.496000 0.000000 0.000000 0.000000 0.000000
-1.864024 5.496000 0.000000 0.000000 0.000000 0.000000
-1.858217 5.472000 0.000000 0.000000 0.000000 0.000000
-1.852410 4.928000 0.000000 0.000000 0.000000 0.000000
-1.846603 4.928000 0.000000 0.000000 0.000000 0.000000
-1.840796 25.000000 0.000000 0.000000 0.000000 0.000000
-1.834989 25.000000 0.000000 0.000000 0.000000 0.000000
-1.829182 25.000000 0.000000 0.000000 0.000000 0.000000
-1.823375 25.000000 0.000000 0.000000 0.000000 0.000000
-1.817568 25.000000 0.000000 0.000000 0.000000 0.000000
-1.811762 1.258000 0.000000 0.000000 0.000000 0.000000
-1.805955 1.258000 0.000000 0.000000 0.000000 0.000000
-1.800148 1.258000 0.000000 0.000000 0.000000 0.000000
-1.794341 25.000000 0.000000 0.000000 0.000000 0.000000
-1.788534 25.000000 0.000000 0.000000 0.000000 0.000000
-1.782727 25.000000 0.000000 0.000000 0.000000 0.000000
-1.776920 25.000000 0.000000 0.000000 0.000000 0.000000
-1.771113 25.000000 0.000000 0.000000 0.000000 0.000000
-1.765306 4.608000 0.000000 0.000000 0.000000 0.000000
-1.759499 4.608000 0.000000 0.000000 0.000000 0.000000
-1.753692 4.608000 0.000000 0.000000 0.000000 0.000000
-1.747885 4.632000 0.000000 0.000000 0.000000 0.000000
-1.742078 25.000000 0.000000 0.000000 0.000000 0.000000
-1.736271 25.000000 0.000000 0.000000 0.000000 0.000000
-1.730464 25.000000 0.000000 0.000000 0.000000 0.000000
-1.724657 25.000000 0.000000 0.000000 0.000000 0.000000
-1.718850 25.000000 0.000000 0.000000 0.000000 0.000000
-1.713043 0.654000 0.000000 0.000000 0.000000 0.000000
-1.707236 0.654000 0.000000 0.000000 0.000000 0.000000
-1.701429 0.654000 0.000000 0.000000 0.000000 0.000000
-1.695622 0.668000 0.000000 0.000000 0.000000 0.000000
-1.689815 0.668000 0.000000 0.000000 0.000000 0.000000
-1.684008 0.668000 0.000000 0.000000 0.000000 0.000000
-1.678201 0.680000 0.000000 0.000000 0.000000 0.000000
-1.672394 0.674000 0.000000 0.000000 0.000000 0.000000
-1.666587 0.666000 0.000000 0.000000 0.000000 0.000000
-1.660780 0.666000 0.000000 0.000000 0.000000 0.000000
-1.654973 25.000000 0.000000 0.000000 0.000000 0.000000
-1.649166 25.000000 0.000000 0.000000 0.000000 0.000000
-1.643359 25.000000 0.000000 0.000000 0.000000 0.000000
-1.637552 25.000000 0.000000 0.000000 0.000000 0.000000
-1.631745 25.000000 0.000000 0.000000 0.000000 0.000000
-1.625938 25.000000 0.000000 0.000000 0.000000 0.000000
-1.620131 0.606000 0.000000 0.000000 0.000000 0.000000
-1.614324 0.606000 0.000000 0.000000 0.000000 0.000000
-1.608517 0.606000 0.000000 0.000000 0.000000 0.000000
-1.602710 0.604000 0.000000 0.000000 0.000000 0.000000
-1.596903 0.604000 0.000000 0.000000 0.000000 0.000000
-1.591096 0.604000 0.000000 0.000000 0.000000 0.000000
-1.585289 0.604000 0.000000 0.000000 0.000000 0.000000
-1.579482 0.602000 0.000000 0.000000 0.000000 0.000080
-1.573675 0.602000 0.000000 0.000000 0.000000 0.002740
-1.567868 0.602000 0.000000 0.000000 0.000000 0.035143
-1.562061 0.602000 0.000000 0.000000 0.000000 0.180425
-1.556254 0.600000 -0.002000 0.000000 0.600000 0.420167
-1.550447 0.602000 0.002000 0.000000 0.602000 0.565673
-1.544640 0.600000 0.000000 0.000000 0.600000 0.597853
-1.538833 0.600000 -0.002000 0.000000 0.600000 0.600512
-1.533026 0.602000 0.002000 0.000000 0.602000 0.600807
-1.527219 0.600000 0.000000 0.000000 0.600000 0.600484
-1.521412 0.600000 0.000000 0.000000 0.600000 0.600108
-1.515606 0.600000 0.000000 0.000000 0.600000 0.600009
-1.509799 0.600000 0.000000 0.000000 0.600000 0.600000
-1.503992 0.600000 0.000000 0.000000 0.600000 0.600000
-1.498185 0.600000 0.000000 0.000000 0.600000 0.600000
-1.492378 0.600000 0.000000 0.000000 0.600000 0.599991
-1.486571 0.600000 0.000000 0.000000 0.600000 0.599883
-1.480764 0.600000 0.002000 0.000000 0.600000 0.599408
-1.474957 0.598000 0.000000 0.000000 0.598000 0.598718
-1.469150 0.598000 -0.002000 0.000000 0.598000 0.598718
-1.463343 0.600000 0.000000 0.000000 0.600000 0.599408
-1.457536 0.600000 0.000000 0.000000 0.600000 0.599883
-1.451729 0.600000 0.000000 0.000000 0.600000 0.599991
-1.445922 0.600000 0.000000 0.000000 0.600000 0.600000
-1.440115 0.600000 0.000000 0.000000 0.600000 0.600000
-1.434308 0.600000 0.000000 0.000000 0.600000 0.600000
-1.428501 0.600000 0.000000 0.000000 0.600000 0.600000
-1.422694 0.600000 0.000000 0.000000 0.600000 0.600000
-1.416887 0.600000 0.000000 0.000000 0.600000 0.600000
-1.411080 0.600000 0.000000 0.000000 0.600000 0.600000
-1.405273 0.600000 0.000000 0.000000 0.600000 0.600000
-1.399466 0.600000 0.000000 0.000000 0.600000 0.600000
-1.393659 0.600000 0.000000 0.000000 0.600000 0.600009
-1.387852 0.600000 0.000000 0.000000 0.600000 0.600108
-1.382045 0.600000 -0.002000 0.000000 0.600000 0.600493
-1.376238 0.602000 0.002000 1.000000 0.602000 0.600915
-1.370431 0.600000 -24.400000 0.000000 0.600000 0.601085
-1.364624 25.000000 0.000000 0.000000 0.602000 0.601507
-1.358817 25.000000 0.000000 0.000000 0.602000 0.601892
-1.353010 25.000000 23.912001 0.000000 0.602000 0.601991
-1.347203 1.088000 0.000000 1.000000 0.602000 0.602000
-1.341396 1.088000 0.000000 0.000000 0.602000 0.602000
-1.335589 1.088000 -0.002000 0.000000 0.602000 0.602000
-1.329782 1.090000 0.000000 0.000000 0.602000 0.602000
-1.323975 1.090000 0.000000 0.000000 0.602000 0.602000
-1.318168 1.090000 -0.016000 0.000000 0.602000 0.602000
-1.312361 1.106000 0.004000 0.000000 0.602000 0.602000
-1.306554 1.102000 0.000000 0.000000 0.602000 0.602000
-1.300747 1.102000 -0.004000 0.000000 0.602000 0.602000
-1.294940 1.106000 0.000000 0.000000 0.602000 0.602000
-1.289133 1.106000 -0.004000 0.000000 0.602000 0.602000
-1.283326 1.110000 0.000000 0.000000 0.602000 0.602000
-1.277519 1.110000 -0.004000 0.000000 0.602000 0.602000
-1.271712 1.114000 0.002000 0.000000 0.602000 0.602000
-1.265905 1.112000 0.000000 0.000000 0.602000 0.602000
-1.260098 1.112000 0.000000 0.000000 0.602000 0.602000
-1.254291 1.112000 -0.002000 0.000000 0.602000 0.602000
-1.248484 1.114000 0.000000 0.000000 0.602000 0.602000
-1.242677 1.114000 -0.004000 0.000000 0.602000 0.602000
-1.236870 1.118000 -0.002000 0.000000 0.602000 0.602000
-1.231063 1.120000 -0.002000 0.000000 0.602000 0.602000
-1.225256 1.122000 -0.002000 0.000000 0.602000 0.602000
-1.219450 1.124000 -0.002000 0.000000 0.602000 0.602000
-1.213643 1.126000 -0.006000 0.000000 0.602000 0.602000
-1.207836 1.132000 -0.002000 0.000000 0.602000 0.602000
-1.202029 1.134000 -0.004000 0.000000 0.602000 0.602000
-1.196222 1.138000 0.002000 0.000000 0.602000 0.602000
-1.190415 1.136000 -0.002000 0.000000 0.602000 0.602000
-1.184608 1.138000 0.000000 0.000000 0.602000 0.602000
-1.178801 1.138000 -0.008000 0.000000 0.602000 0.602000
-1.172994 1.146000 -0.004000 0.000000 0.602000 0.602000
-1.167187 1.150000 -0.200000 0.000000 0.602000 0.602000
-1.161380 1.350000 0.000000 1.000000 0.602000 0.602000
-1.155573 1.350000 -23.650000 0.000000 0.602000 0.602000
-1.149766 25.000000 0.000000 0.000000 0.602000 0.602000
-1.143959 25.000000 23.736000 0.000000 0.602000 0.602000
-1.138152 1.264000 0.000000 1.000000 0.602000 0.602000
-1.132345 1.264000 0.000000 0.000000 0.602000 0.602000
-1.126538 1.264000 0.024000 0.000000 0.602000 0.602000
-1.120731 1.240000 0.000000 0.000000 0.602000 0.602000
-1.114924 1.240000 0.000000 0.000000 0.602000 0.602000
-1.109117 1.240000 0.016000 0.000000 0.602000 0.602000
-1.103310 1.224000 0.006000 0.000000 0.602000 0.602077
-1.097503 1.218000 0.008000 0.000000 0.602000 0.604620
-1.091696 1.210000 0.020000 0.000000 0.602000 0.635600
-1.085889 1.190000 0.014000 0.000000 0.602000 0.774301
-1.080082 1.176000 0.002000 0.000000 1.176000 1.001731
-1.074275 1.174000 0.018000 0.000000 1.174000 1.134137
-1.068468 1.156000 0.024000 0.000000 1.156000 1.151087
-1.062661 1.132000 0.008000 0.000000 1.132000 1.133663
-1.056854 1.124000 0.006000 0.000000 1.124000 1.077604
-1.051047 1.118000 0.016000 0.000000 1.118000 0.871546
-1.045240 1.102000 0.006000 0.000000 0.290000 0.539228
-1.039433 1.096000 0.000000 0.000000 0.290000 0.338513
-1.033626 1.096000 0.012000 0.000000 0.290000 0.293781
-1.027819 1.084000 0.022000 0.000000 0.290000 0.290111
-1.022012 1.062000 0.000000 0.000000 0.290000 0.290000
-1.016205 1.062000 0.012000 0.000000 0.290000 0.290000
-1.010398 1.050000 0.016000 0.000000 0.290000 0.290000
-1.004591 1.034000 0.008000 0.000000 0.290000 0.290000
-0.998784 1.026000 0.008000 0.000000 0.290000 0.290000
-0.992977 1.018000 0.006000 0.000000 0.290000 0.290000
-0.987170 1.012000 0.016000 0.000000 0.290000 0.290000
-0.981363 0.996000 0.008000 0.000000 0.290000 0.290000
-0.975556 0.988000 0.004000 0.000000 0.290000 0.290000
-0.969749 0.984000 0.002000 0.000000 0.290000 0.290000
-0.963942 0.982000 0.010000 0.000000 0.290000 0.290000
-0.958135 0.972000 0.006000 0.000000 0.290000 0.290000
-0.952328 0.966000 0.010000 0.000000 0.290000 0.290000
-0.946521 0.956000 0.010000 0.000000 0.290000 0.290000
-0.940714 0.946000 0.010000 0.000000 0.290000 0.290000
-0.934907 0.936000 0.002000 0.000000 0.290000 0.290000
-0.929100 0.934000 0.006000 0.000000 0.290000 0.290000
-0.923294 0.928000 0.010000 0.000000 0.290000 0.290000
-0.917487 0.918000 0.010000 0.000000 0.290000 0.290000
-0.911680 0.908000 0.008000 0.000000 0.290000 0.290000
-0.905873 0.900000 0.002000 0.000000 0.290000 0.290000
-0.900066 0.898000 0.008000 0.000000 0.290000 0.290000
-0.894259 0.890000 0.010000 0.000000 0.290000 0.290000
-0.888452 0.880000 0.006000 0.000000 0.290000 0.290000
-0.882645 0.874000 0.002000 0.000000 0.290000 0.290000
-0.876838 0.872000 0.014000 0.000000 0.290000 0.290000
-0.871031 0.858000 0.000000 0.000000 0.290000 0.290000
-0.865224 0.858000 0.000000 0.000000 0.290000 0.290000
-0.859417 0.858000 0.010000 0.000000 0.290000 0.290000
-0.853610 0.848000 0.000000 0.000000 0.290000 0.290000
-0.847803 0.848000 0.008000 0.000000 0.290000 0.290000
-0.841996 0.840000 0.008000 0.000000 0.290000 0.290000
-0.836189 0.832000 0.006000 0.000000 0.290000 0.290000
-0.830382 0.826000 0.002000 0.000000 0.290000 0.290000
-0.824575 0.824000 0.004000 0.000000 0.290000 0.290000
-0.818768 0.820000 0.010000 0.000000 0.290000 0.290000
-0.812961 0.810000 0.006000 0.000000 0.290000 0.290000
-0.807154 0.804000 0.000000 0.000000 0.290000 0.290000
-0.801347 0.804000 0.006000 0.000000 0.290000 0.290000
-0.795540 0.798000 0.006000 0.000000 0.290000 0.290000
-0.789733 0.792000 0.006000 0.000000 0.290000 0.290000
-0.783926 0.786000 0.004000 0.000000 0.290000 0.290000
-0.778119 0.782000 0.004000 0.000000 0.290000 0.290000
-0.772312 0.778000 0.004000 0.000000 0.290000 0.290000
-0.766505 0.774000 0.002000 0.000000 0.290000 0.290000
-0.760698 0.772000 0.002000 0.000000 0.290000 0.290000
-0.754891 0.770000 0.006000 0.000000 0.290000 0.290000
-0.749084 0.764000 0.004000 0.000000 0.290000 0.290000
-0.743277 0.760000 0.004000 0.000000 0.290000 0.290000
-0.737470 0.756000 0.002000 0.000000 0.290000 0.290000
-0.731663 0.754000 0.004000 0.000000 0.290000 0.290000
-0.725856 0.750000 0.006000 0.000000 0.290000 0.290000
-0.720049 0.744000 0.008000 0.000000 0.290000 0.290000
-0.714242 0.736000 0.000000 0.000000 0.290000 0.290000
-0.708435 0.736000 0.002000 0.000000 0.290000 0.290000
-0.702628 0.734000 0.004000 0.000000 0.290000 0.290000
-0.696821 0.730000 0.006000 0.000000 0.290000 0.290000
-0.691014 0.724000 0.004000 0.000000 0.290000 0.290000
-0.685207 0.720000 0.000000 0.000000 0.290000 0.290000
-0.679400 0.720000 0.002000 0.000000 0.290000 0.290000
-0.673593 0.718000 0.004000 0.000000 0.290000 0.290000
-0.667786 0.714000 0.004000 0.000000 0.290000 0.290000
-0.661979 0.710000 0.006000 0.000000 0.290000 0.290000
-0.656172 0.704000 0.002000 0.000000 0.290000 0.290000
-0.650365 0.702000 0.002000 0.000000 0.290000 0.290000
-0.644558 0.700000 0.000000 0.000000 0.290000 0.290000
-0.638751 0.700000 0.002000 0.000000 0.290000 0.290000
-0.632944 0.698000 0.004000 0.000000 0.290000 0.290000
-0.627138 0.694000 0.004000 0.000000 0.290000 0.290000
-0.621331 0.690000 0.000000 0.000000 0.290000 0.290000
-0.615524 0.690000 0.006000 0.000000 0.290000 0.290000
-0.609717 0.684000 0.002000 0.000000 0.290000 0.290000
-0.603910 0.682000 0.004000 0.000000 0.290000 0.290000
-0.598103 0.678000 0.002000 0.000000 0.290000 0.290000
-0.592296 0.676000 0.000000 0.000000 0.290000 0.290000
-0.586489 0.676000 0.004000 0.000000 0.290000 0.290000
-0.580682 0.672000 0.004000 0.000000 0.290000 0.290000
-0.574875 0.668000 0.002000 0.000000 0.290000 0.290000
-0.569068 0.666000 0.000000 0.000000 0.290000 0.290000
-0.563261 0.666000 0.004000 0.000000 0.290000 0.290000
-0.557454 0.662000 0.000000 0.000000 0.290000 0.290000
-0.551647 0.662000 0.002000 0.000000 0.290000 0.290000
-0.545840 0.660000 0.000000 0.000000 0.290000 0.290000
-0.540033 0.660000 0.004000 0.000000 0.290000 0.290000
-0.534226 0.656000 0.002000 0.000000 0.290000 0.290000
-0.528419 0.654000 0.002000 0.000000 0.290000 0.290000
-0.522612 0.652000 0.000000 0.000000 0.290000 0.290000
-0.516805 0.652000 0.002000 0.000000 0.290000 0.290000
-0.510998 0.650000 -0.016000 0.000000 0.290000 0.290000
-0.505191 0.666000 0.000000 1.000000 0.290000 0.290000
-0.499384 0.666000 -24.334000 0.000000 0.290000 0.290000
-0.493577 25.000000 0.000000 0.000000 0.290000 0.290000
-0.487770 25.000000 24.709999 0.000000 0.290000 0.290000
-0.481963 0.290000 0.000000 1.000000 0.290000 0.289991
-0.476156 0.290000 0.000000 0.000000 0.290000 0.289883
-0.470349 0.290000 0.002000 0.000000 0.290000 0.289394
-0.464542 0.288000 0.000000 0.000000 0.288000 0.288542
-0.458735 0.288000 0.001000 0.000000 0.288000 0.287812
-0.452928 0.287000 0.000000 0.000000 0.287000 0.287242
-0.447121 0.287000 0.001000 0.000000 0.287000 0.286636
-0.441314 0.286000 0.002000 0.000000 0.286000 0.285641
-0.435507 0.284000 0.001000 0.000000 0.284000 0.284291
-0.429700 0.283000 0.001000 0.000000 0.283000 0.283000
-0.423893 0.282000 0.002000 0.000000 0.282000 0.281708
-0.418086 0.280000 0.001000 0.000000 0.280000 0.280355
-0.412279 0.279000 0.000000 0.000000 0.279000 0.279305
-0.406472 0.279000 0.002000 0.000000 0.279000 0.278462
-0.400665 0.277000 0.000000 0.000000 0.277000 0.277543
-0.394858 0.277000 0.001000 0.000000 0.277000 0.276753
-0.389051 0.276000 0.001000 0.000000 0.276000 0.275946
-0.383244 0.275000 0.001000 0.000000 0.275000 0.274996
-0.377437 0.274000 0.001000 0.000000 0.274000 0.274000
-0.371630 0.273000 0.001000 0.000000 0.273000 0.273005
-0.365823 0.272000 0.001000 0.000000 0.272000 0.272059
-0.360016 0.271000 0.000000 0.000000 0.271000 0.271305
-0.354209 0.271000 0.001000 0.000000 0.271000 0.270758
-0.348402 0.270000 0.000000 0.000000 0.270000 0.270247
-0.342595 0.270000 0.001000 0.000000 0.270000 0.269754
-0.336788 0.269000 0.000000 0.000000 0.269000 0.269251
-0.330982 0.269000 0.001000 0.000000 0.269000 0.268812
-0.325175 0.268000 -0.001000 0.000000 0.268000 0.268547
-0.319368 0.269000 0.001000 0.000000 0.269000 0.268462
-0.313561 0.268000 0.000000 0.000000 0.268000 0.268300
-0.307754 0.268000 -0.001000 0.000000 0.268000 0.268287
-0.301947 0.269000 0.001000 0.000000 0.269000 0.268281
-0.296140 0.268000 0.002000 0.000000 0.268000 0.267573
-0.290333 0.266000 0.001000 0.000000 0.266000 0.266237
-0.284526 0.265000 0.002000 0.000000 0.265000 0.264821
-0.278719 0.263000 0.000000 0.000000 0.263000 0.263664
-0.272912 0.263000 0.000000 0.000000 0.263000 0.263063
-0.267105 0.263000 0.001000 0.000000 0.263000 0.262709
-0.261298 0.262000 0.000000 0.000000 0.262000 0.262296
-0.255491 0.262000 0.000000 0.000000 0.262000 0.262000
-0.249684 0.262000 0.001000 0.000000 0.262000 0.261704
-0.243877 0.261000 0.000000 0.000000 0.261000 0.261296
-0.238070 0.261000 0.000000 0.000000 0.261000 0.261000
-0.232263 0.261000 0.001000 0.000000 0.261000 0.260704
-0.226456 0.260000 0.000000 0.000000 0.260000 0.260296
-0.220649 0.260000 0.000000 0.000000 0.260000 0.260000
-0.214842 0.260000 0.001000 0.000000 0.260000 0.259699
-0.209035 0.259000 0.000000 0.000000 0.259000 0.259242
-0.203228 0.259000 0.001000 0.000000 0.259000 0.258758
-0.197421 0.258000 0.000000 0.000000 0.258000 0.258301
-0.191614 0.258000 0.000000 0.000000 0.258000 0.258000
-0.185807 0.258000 0.001000 0.000000 0.258000 0.257704
-0.180000 0.257000 0.000000 0.000000 0.257000 0.257301
-0.174193 0.257000 0.000000 0.000000 0.257000 0.257059
-0.168386 0.257000 0.000000 0.000000 0.257000 0.257005
-0.162579 0.257000 0.000000 0.000000 0.257000 0.257000
-0.156772 0.257000 0.000000 0.000000 0.257000 0.256995
-0.150965 0.257000 0.000000 0.000000 0.257000 0.256941
-0.145158 0.257000 0.001000 0.000000 0.257000 0.256700
-0.139351 0.256000 0.000000 0.000000 0.256000 0.256305
-0.133544 0.256000 0.000000 0.000000 0.256000 0.256112
-0.127737 0.256000 -0.001000 0.000000 0.256000 0.256242
-0.121930 0.257000 0.001000 0.000000 0.257000 0.256341
-0.116123 0.256000 0.001000 0.000000 0.256000 0.255941
-0.110316 0.255000 0.000000 0.000000 0.255000 0.255355
-0.104509 0.255000 0.000000 0.000000 0.255000 0.255063
-0.098702 0.255000 0.000000 0.000000 0.255000 0.255005
-0.092895 0.255000 0.000000 0.000000 0.255000 0.254995
-0.087088 0.255000 0.000000 0.000000 0.255000 0.254937
-0.081281 0.255000 0.001000 0.000000 0.255000 0.254641
-0.075474 0.254000 0.001000 0.000000 0.254000 0.253996
-0.069667 0.253000 0.000000 0.000000 0.253000 0.253305
-0.063860 0.253000 0.001000 0.000000 0.253000 0.252821
-0.058053 0.252000 -0.001000 0.000000 0.252000 0.252606
-0.052246 0.253000 0.000000 0.000000 0.253000 0.252758
-0.046439 0.253000 0.000000 0.000000 0.253000 0.252946
-0.040632 0.253000 0.000000 0.000000 0.253000 0.252996
-0.034826 0.253000 0.000000 0.000000 0.253000 0.253000
-0.029019 0.253000 0.000000 0.000000 0.253000 0.253005
-0.023212 0.253000 0.000000 0.000000 0.253000 0.253059
-0.017405 0.253000 -0.001000 0.000000 0.253000 0.253301
-0.011598 0.254000 0.000000 0.000000 0.254000 0.253699
-0.005791 0.254000 0.000000 0.000000 0.254000 0.253941
0.000016 0.254000 0.000000 0.000000 0.254000 0.253995
0.005823 0.254000 0.000000 0.000000 0.254000 0.254000
0.011630 0.254000 0.000000 0.000000 0.254000 0.254005
0.017437 0.254000 0.000000 0.000000 0.254000 0.254059
0.023244 0.254000 -0.001000 0.000000 0.254000 0.254301
0.029051 0.255000 0.000000 0.000000 0.255000 0.254699
0.034858 0.255000 0.000000 0.000000 0.255000 0.254942
0.040665 0.255000 0.000000 0.000000 0.255000 0.255000
0.046472 0.255000 0.000000 0.000000 0.255000 0.255058
0.052279 0.255000 -0.001000 0.000000 0.255000 0.255301
0.058086 0.256000 0.000000 0.000000 0.256000 0.255700
0.063893 0.256000 0.000000 0.000000 0.256000 0.255946
0.069700 0.256000 0.000000 0.000000 0.256000 0.256054
0.075507 0.256000 -0.001000 0.000000 0.256000 0.256300
0.081314 0.257000 0.000000 0.000000 0.257000 0.256699
0.087121 0.257000 0.000000 0.000000 0.257000 0.256941
0.092928 0.257000 0.000000 0.000000 0.257000 0.256995
0.098735 0.257000 0.000000 0.000000 0.257000 0.256995
0.104542 0.257000 0.000000 0.000000 0.257000 0.256941
0.110349 0.257000 0.001000 0.000000 0.257000 0.256700
0.116156 0.256000 0.000000 0.000000 0.256000 0.256314
0.121963 0.256000 0.000000 0.000000 0.256000 0.256234
0.127770 0.256000 -0.003000 0.000000 0.256000 0.256915
0.133577 0.259000 0.000000 0.000000 0.259000 0.258220
0.139384 0.259000 -0.002000 0.000000 0.259000 0.259484
0.145191 0.261000 -0.001000 0.000000 0.261000 0.260691
0.150998 0.262000 0.000000 0.000000 0.262000 0.261659
0.156805 0.262000 -0.001000 0.000000 0.262000 0.262472
0.162612 0.263000 -0.004000 0.000000 0.263000 0.263955
0.168419 0.267000 -0.001000 0.000000 0.267000 0.266017
0.174226 0.268000 0.000000 0.000000 0.268000 0.267163
0.180033 0.268000 0.005000 0.000000 0.268000 0.266362
0.185840 0.263000 0.001000 0.000000 0.263000 0.264197
0.191647 0.262000 0.000000 0.000000 0.262000 0.262593
0.197454 0.262000 0.000000 0.000000 0.262000 0.262086
0.203261 0.262000 0.000000 0.000000 0.262000 0.262068
0.209068 0.262000 -0.001000 0.000000 0.262000 0.262364
0.214875 0.263000 -0.001000 0.000000 0.263000 0.263058
0.220682 0.264000 -0.001000 0.000000 0.264000 0.263937
0.226489 0.265000 0.000000 0.000000 0.265000 0.264578
0.232296 0.265000 0.001000 0.000000 0.265000 0.264650
0.238103 0.264000 0.000000 0.000000 0.264000 0.264485
0.243910 0.264000 -0.003000 0.000000 0.264000 0.265145
0.249717 0.267000 -0.003000 0.000000 0.267000 0.267126
0.255524 0.270000 -0.002000 0.000000 0.270000 0.269583
0.261330 0.272000 -0.001000 0.000000 0.272000 0.271515
0.267137 0.273000 0.000000 0.000000 0.273000 0.272632
0.272944 0.273000 -0.001000 0.000000 0.273000 0.273296
0.278751 0.274000 -0.001000 0.000000 0.274000 0.274058
0.284558 0.275000 -0.001000 0.000000 0.275000 0.275000
0.290365 0.276000 -0.001000 0.000000 0.276000 0.275937
0.296172 0.277000 0.000000 0.000000 0.277000 0.276636
0.301979 0.277000 0.000000 1.000000 0.277000 0.276937
0.307786 0.277000 -24.723000 0.000000 0.277000 0.276995
0.313593 25.000000 0.000000 0.000000 0.277000 0.277000
0.319400 25.000000 0.000000 0.000000 0.277000 0.277000
0.325207 25.000000 0.000000 0.000000 0.277000 0.277000
0.331014 25.000000 0.000000 0.000000 0.277000 0.277000
0.336821 25.000000 0.000000 0.000000 0.277000 0.277000
0.342628 25.000000 0.000000 0.000000 0.277000 0.277000
0.348435 25.000000 0.000000 0.000000 0.277000 0.277000
0.354242 25.000000 0.000000 0.000000 0.277000 0.277000
0.360049 25.000000 0.000000 0.000000 0.277000 0.277000
0.365856 25.000000 0.000000 0.000000 0.277000 0.277000
0.371663 25.000000 0.000000 0.000000 0.277000 0.277000
0.377470 25.000000 0.000000 0.000000 0.277000 0.277000
0.383277 25.000000 0.000000 0.000000 0.277000 0.277000
0.389084 25.000000 0.000000 0.000000 0.277000 0.277000
0.394891 25.000000 0.000000 0.000000 0.277000 0.277000
0.400698 25.000000 0.000000 0.000000 0.277000 0.277000
0.406505 25.000000 0.000000 0.000000 0.277000 0.277000
0.412312 25.000000 0.000000 0.000000 0.277000 0.277000
0.418119 25.000000 0.000000 0.000000 0.277000 0.277000
0.423926 25.000000 24.561001 0.000000 0.277000 0.277000
0.429733 0.439000 0.000000 1.000000 0.277000 0.277000
0.435540 0.439000 0.000000 0.000000 0.277000 0.277000
0.441347 0.439000 0.001000 0.000000 0.277000 0.277000
0.447154 0.438000 0.000000 0.000000 0.277000 0.277000
0.452961 0.438000 0.000000 1.000000 0.277000 0.277000
0.458768 0.438000 -24.562000 0.000000 0.277000 0.277000
0.464575 25.000000 0.000000 0.000000 0.277000 0.277000
0.470382 25.000000 0.000000 0.000000 0.277000 0.277000
0.476189 25.000000 0.000000 0.000000 0.277000 0.277000
0.481996 25.000000 0.000000 0.000000 0.277000 0.277000
0.487803 25.000000 0.000000 0.000000 0.277000 0.277000
0.493610 25.000000 0.000000 0.000000 0.277000 0.277000
0.499417 25.000000 0.000000 0.000000 0.277000 0.277000
0.505224 25.000000 0.000000 0.000000 0.277000 0.277000
0.511031 25.000000 0.000000 0.000000 0.277000 0.277000
0.516838 25.000000 0.000000 0.000000 0.277000 0.277000
0.522645 25.000000 0.000000 0.000000 0.277000 0.277000
0.528452 25.000000 0.000000 0.000000 0.277000 0.277000
0.534259 25.000000 0.000000 0.000000 0.277000 0.277000
0.540066 25.000000 0.000000 0.000000 0.277000 0.277000
0.545873 25.000000 0.000000 0.000000 0.277000 0.277000
0.551679 25.000000 0.000000 0.000000 0.277000 0.277000
0.557486 25.000000 0.000000 0.000000 0.277000 0.277000
0.563293 25.000000 0.000000 0.000000 0.277000 0.277000
0.569100 25.000000 0.000000 0.000000 0.277000 0.277000
0.574907 25.000000 0.000000 0.000000 0.277000 0.277000
0.580714 25.000000 0.000000 0.000000 0.277000 0.277000
0.586521 25.000000 0.000000 0.000000 0.277000 0.277000
0.592328 25.000000 0.000000 0.000000 0.277000 0.277000
0.598135 25.000000 0.000000 0.000000 0.277000 0.277000
0.603942 25.000000 0.000000 0.000000 0.277000 0.277000
0.609749 25.000000 0.000000 0.000000 0.277000 0.277000
0.615556 25.000000 0.000000 0.000000 0.277000 0.277000
0.621363 25.000000 0.000000 0.000000 0.277000 0.277000
0.627170 25.000000 0.000000 0.000000 0.277000 0.277000
0.632977 25.000000 0.000000 0.000000 0.277000 0.277000
0.638784 25.000000 0.000000 0.000000 0.277000 0.277000
0.644591 25.000000 0.000000 0.000000 0.277000 0.277000
0.650398 25.000000 0.000000 0.000000 0.277000 0.277000
0.656205 25.000000 0.000000 0.000000 0.277000 0.277000
0.662012 25.000000 0.000000 0.000000 0.277000 0.277000
0.667819 25.000000 0.000000 0.000000 0.277000 0.277000
0.673626 25.000000 0.000000 0.000000 0.277000 0.277000
0.679433 25.000000 0.000000 0.000000 0.277000 0.277000
0.685240 25.000000 0.000000 0.000000 0.277000 0.277000
0.691047 25.000000 0.000000 0.000000 0.277000 0.277000
0.696854 25.000000 0.000000 0.000000 0.277000 0.277000
0.702661 25.000000 0.000000 0.000000 0.277000 0.277000
0.708468 25.000000 0.000000 0.000000 0.277000 0.277000
0.714275 25.000000 0.000000 0.000000 0.277000 0.277000
0.720082 25.000000 0.000000 0.000000 0.277000 0.277000
0.725889 25.000000 0.000000 0.000000 0.277000 0.277000
0.731696 25.000000 0.000000 0.000000 0.277000 0.277000
0.737503 25.000000 0.000000 0.000000 0.277000 0.277000
0.743310 25.000000 0.000000 0.000000 0.277000 0.277000
0.749117 25.000000 0.000000 0.000000 0.277000 0.277000
0.754924 25.000000 24.190001 0.000000 0.277000 0.277000
0.760731 0.810000 0.000000 1.000000 0.277000 0.277000
0.766538 0.810000 0.000000 0.000000 0.277000 0.277000
0.772345 0.810000 -0.004000 0.000000 0.277000 0.277000
0.778152 0.814000 -0.004000 0.000000 0.277000 0.277000
0.783959 0.818000 -0.006000 0.000000 0.277000 0.277000
0.789766 0.824000 -0.008000 0.000000 0.277000 0.277000
0.795573 0.832000 -0.006000 0.000000 0.277000 0.277000
0.801380 0.838000 -0.002000 0.000000 0.277000 0.277000
0.807187 0.840000 -0.006000 0.000000 0.277000 0.277000
0.812994 0.846000 -0.006000 0.000000 0.277000 0.277000
0.818801 0.852000 -0.006000 0.000000 0.277000 0.277000
0.824608 0.858000 -0.006000 0.000000 0.277000 0.277000
0.830415 0.864000 -0.006000 0.000000 0.277000 0.277000
0.836222 0.870000 -0.008000 0.000000 0.277000 0.277000
0.842029 0.878000 -0.004000 0.000000 0.277000 0.277000
0.847835 0.882000 0.000000 0.000000 0.277000 0.277000
0.853642 0.882000 -0.010000 0.000000 0.277000 0.277000
0.859449 0.892000 -0.010000 0.000000 0.277000 0.277000
0.865256 0.902000 -0.006000 0.000000 0.277000 0.277087
0.871063 0.908000 -0.004000 0.000000 0.277000 0.279956
0.876870 0.912000 -0.004000 0.000000 0.277000 0.314950
0.882677 0.916000 -0.008000 0.000000 0.277000 0.472272
0.888484 0.924000 -0.014000 0.000000 0.924000 0.733920
0.894291 0.938000 -0.002000 0.000000 0.938000 0.897004
0.900098 0.940000 -0.008000 0.000000 0.940000 0.938419
0.905905 0.948000 -0.006000 0.000000 0.948000 0.947647
0.911712 0.954000 -0.008000 0.000000 0.954000 0.954754
0.917519 0.962000 -0.010000 0.000000 0.962000 0.962827
0.923326 0.972000 -0.010000 0.000000 0.972000 0.971883
0.929133 0.982000 -0.006000 0.000000 0.982000 0.980555
0.934940 0.988000 -0.006000 0.000000 0.988000 0.987766
0.940747 0.994000 -0.006000 0.000000 0.994000 0.994235
0.946554 1.000000 -0.010000 0.000000 1.000000 1.001463
0.952361 1.010000 -0.010000 0.000000 1.010000 1.010360
0.958168 1.020000 -0.012000 0.000000 1.020000 1.020485
0.963975 1.032000 -0.008000 0.000000 1.032000 1.030573
0.969782 1.040000 -0.006000 0.000000 1.040000 1.039399
0.975589 1.046000 -0.012000 0.000000 1.046000 1.047911
0.981396 1.058000 -0.010000 0.000000 1.058000 1.057635
0.987203 1.068000 -0.010000 0.000000 1.068000 1.067814
0.993010 1.078000 -0.008000 0.000000 1.078000 1.076837
0.998817 1.086000 -0.026000 0.000000 1.086000 1.072273
1.004624 1.112000 -0.010000 0.000000 1.112000 1.008704
1.010431 1.122000 -0.008000 0.000000 0.796000 0.889407
1.016238 1.130000 -0.004000 0.000000 0.796000 0.814384
1.022045 1.134000 -0.018000 0.000000 0.796000 0.797439
1.027852 1.152000 -0.020000 0.000000 0.796000 0.796042
1.033659 1.172000 -0.004000 0.000000 0.796000 0.796000
1.039466 1.176000 -0.010000 0.000000 0.796000 0.796000
1.045273 1.186000 -0.010000 0.000000 0.796000 0.796000
1.051080 1.196000 -0.014000 0.000000 0.796000 0.796000
1.056887 1.210000 -0.016000 0.000000 0.796000 0.796000
1.062694 1.226000 -0.008000 0.000000 0.796000 0.796000
1.068501 1.234000 -0.014000 0.000000 0.796000 0.796000
1.074308 1.248000 -0.008000 0.000000 0.796000 0.796000
1.080115 1.256000 -0.010000 0.000000 0.796000 0.796000
1.085922 1.266000 -0.018000 0.000000 0.796000 0.796000
1.091729 1.284000 -0.018000 0.000000 0.796000 0.796000
1.097536 1.302000 -0.016000 0.000000 0.796000 0.796000
1.103343 1.318000 -0.052000 0.000000 0.796000 0.796000
1.109150 1.370000 0.000000 0.000000 0.796000 0.796000
1.114957 1.370000 0.000000 0.000000 0.796000 0.796000
1.120764 1.370000 -0.032000 0.000000 0.796000 0.796000
1.126571 1.402000 -0.028000 1.000000 0.796000 0.796000
1.132378 1.430000 -23.570000 0.000000 0.796000 0.796000
1.138185 25.000000 0.000000 0.000000 0.796000 0.796000
1.143991 25.000000 0.000000 0.000000 0.796000 0.796000
1.149798 25.000000 0.000000 0.000000 0.796000 0.796000
1.155605 25.000000 0.000000 0.000000 0.796000 0.796000
1.161412 25.000000 0.000000 0.000000 0.796000 0.796000
1.167219 25.000000 0.000000 0.000000 0.796000 0.796000
1.173026 25.000000 0.000000 0.000000 0.796000 0.796000
1.178833 25.000000 0.000000 0.000000 0.796000 0.796000
1.184640 25.000000 0.000000 0.000000 0.796000 0.796000
1.190447 25.000000 0.000000 0.000000 0.796000 0.796000
1.196254 25.000000 0.000000 0.000000 0.796000 0.796000
1.202061 25.000000 0.000000 0.000000 0.796000 0.796000
1.207868 25.000000 0.000000 0.000000 0.796000 0.796000
1.213675 25.000000 0.000000 0.000000 0.796000 0.796000
1.219482 25.000000 0.000000 0.000000 0.796000 0.796000
1.225289 25.000000 0.000000 0.000000 0.796000 0.796000
1.231096 25.000000 24.204000 0.000000 0.796000 0.795998
1.236903 0.796000 0.000000 1.000000 0.796000 0.795917
1.242710 0.796000 0.000000 0.000000 0.796000 0.794909
1.248517 0.796000 0.018000 0.000000 0.796000 0.790094
1.254324 0.778000 0.008000 0.000000 0.778000 0.780645
1.260131 0.770000 0.006000 0.000000 0.770000 0.771538
1.265938 0.764000 0.002000 0.000000 0.764000 0.765744
1.271745 0.762000 0.000000 0.000000 0.762000 0.762874
1.277552 0.762000 0.002000 0.000000 0.762000 0.761545
1.283359 0.760000 0.000000 0.000000 0.760000 0.760620
1.289166 0.760000 0.000000 0.000000 0.760000 0.760244
1.294973 0.760000 -0.002000 0.000000 0.760000 0.760736
1.300780 0.762000 -0.002000 0.000000 0.762000 0.762117
1.306587 0.764000 -0.002000 0.000000 0.764000 0.763883
1.312394 0.766000 -0.006000 1.000000 0.766000 0.765273
1.318201 0.772000 -24.228001 0.000000 0.766000 0.765873
1.324008 25.000000 0.000000 0.000000 0.766000 0.765991
1.329815 25.000000 0.000000 0.000000 0.766000 0.766000
1.335622 25.000000 0.000000 0.000000 0.766000 0.766000
1.341429 25.000000 0.000000 0.000000 0.766000 0.766000
1.347236 25.000000 0.000000 0.000000 0.766000 0.766000
1.353043 25.000000 23.746000 0.000000 0.766000 0.766000
1.358850 1.254000 0.000000 1.000000 0.766000 0.766000
1.364657 1.254000 0.000000 0.000000 0.766000 0.766000
1.370464 1.254000 0.000000 0.000000 0.766000 0.766000
1.376271 1.254000 0.000000 0.000000 0.766000 0.766000
1.382078 1.254000 0.000000 1.000000 0.766000 0.766000
1.387885 1.254000 -23.746000 0.000000 0.766000 0.766000
1.393692 25.000000 22.436001 0.000000 0.766000 0.766000
1.399499 2.564000 0.000000 1.000000 0.766000 0.766000
1.405306 2.564000 0.000000 0.000000 0.766000 0.766000
1.411113 2.564000 0.008000 0.000000 0.766000 0.766000
1.416920 2.556000 0.000000 0.000000 0.766000 0.766000
1.422727 2.556000 -0.004000 0.000000 0.766000 0.766000
1.428534 2.560000 0.000000 0.000000 0.766000 0.766000
1.434341 2.560000 0.004000 0.000000 0.766000 0.766000
1.440147 2.556000 0.004000 1.000000 0.766000 0.766000
1.445954 2.552000 -22.448000 0.000000 0.766000 0.766000
1.451761 25.000000 23.747999 0.000000 0.766000 0.766000
1.457568 1.252000 0.000000 1.000000 0.766000 0.766000
1.463375 1.252000 0.000000 0.000000 0.766000 0.766000
1.469182 1.252000 0.000000 1.000000 0.766000 0.766000
1.474989 1.252000 -23.747999 0.000000 0.766000 0.766000
1.480796 25.000000 23.677999 0.000000 0.766000 0.766000
1.486603 1.322000 0.000000 1.000000 0.766000 0.766000
1.492410 1.322000 0.000000 1.000000 0.766000 0.766000
1.498217 1.322000 -23.677999 0.000000 0.766000 0.766000
1.504024 25.000000 0.000000 0.000000 0.766000 0.766000
1.509831 25.000000 0.000000 0.000000 0.766000 0.766000
1.515638 25.000000 0.000000 0.000000 0.766000 0.766000
1.521445 25.000000 22.455999 0.000000 0.766000 0.766065
1.527252 2.544000 0.000000 1.000000 0.766000 0.768219
1.533059 2.544000 0.000000 0.000000 0.766000 0.794459
1.538866 2.544000 0.008000 0.000000 0.766000 0.912057
1.544673 2.536000 0.000000 0.000000 1.252000 1.105943
1.550480 2.536000 0.000000 0.000000 1.252000 1.223541
1.556287 2.536000 -0.004000 0.000000 1.252000 1.249614
1.562094 2.540000 0.000000 0.000000 1.252000 1.246219
1.567901 2.540000 0.004000 0.000000 1.252000 1.178687
1.573708 2.536000 0.000000 0.000000 1.252000 0.875739
1.579515 2.536000 0.000000 0.000000 0.000000 0.376261
1.585322 2.536000 0.000000 0.000000 0.000000 0.073313
1.591129 2.536000 0.000000 0.000000 0.000000 0.005716
1.596936 2.536000 0.000000 0.000000 0.000000 0.000168
1.602743 2.536000 0.000000 0.000000 0.000000 0.000000
1.608550 2.540000 0.000000 0.000000 0.000000 0.000000
1.614357 2.544000 0.000000 0.000000 0.000000 0.000000
1.620164 2.544000 0.000000 0.000000 0.000000 0.000000
1.625971 2.544000 0.000000 0.000000 0.000000 0.000000
1.631778 2.544000 0.000000 0.000000 0.000000 0.000000
1.637585 2.544000 0.000000 0.000000 0.000000 0.000000
1.643392 2.548000 0.000000 0.000000 0.000000 0.000000
1.649199 2.548000 0.000000 0.000000 0.000000 0.000000
1.655006 2.548000 0.000000 0.000000 0.000000 0.000000
1.660813 2.552000 0.000000 0.000000 0.000000 0.000000
1.666620 2.552000 0.000000 0.000000 0.000000 0.000000
1.672427 2.556000 0.000000 0.000000 0.000000 0.000000
1.678234 2.556000 0.000000 0.000000 0.000000 0.000000
1.684041 2.556000 0.000000 0.000000 0.000000 0.000000
1.689848 2.556000 0.000000 0.000000 0.000000 0.000000
1.695655 2.560000 0.000000 0.000000 0.000000 0.000000
1.701462 2.556000 0.000000 0.000000 0.000000 0.000000
1.707269 2.556000 0.000000 0.000000 0.000000 0.000000
1.713076 2.572000 0.000000 0.000000 0.000000 0.000000
1.718883 2.572000 0.000000 0.000000 0.000000 0.000000
1.724690 2.480000 0.000000 0.000000 0.000000 0.000000
1.730497 2.480000 0.000000 0.000000 0.000000 0.000000
1.736303 2.480000 0.000000 0.000000 0.000000 0.000000
1.742110 2.480000 0.000000 0.000000 0.000000 0.000000
1.747917 2.480000 0.000000 0.000000 0.000000 0.000000
1.753724 2.488000 0.000000 0.000000 0.000000 0.000000
1.759531 2.488000 0.000000 0.000000 0.000000 0.000000
1.765338 2.488000 0.000000 0.000000 0.000000 0.000000
1.771145 2.488000 0.000000 0.000000 0.000000 0.000000
1.776952 2.492000 0.000000 0.000000 0.000000 0.000000
1.782759 2.500000 0.000000 0.000000 0.000000 0.000000
1.788566 2.500000 0.000000 0.000000 0.000000 0.000000
1.794373 2.500000 0.000000 0.000000 0.000000 0.000000
1.800180 2.504000 0.000000 0.000000 0.000000 0.000000
1.805987 2.508000 0.000000 0.000000 0.000000 0.000000
1.811794 2.512000 0.000000 0.000000 0.000000 0.000000
1.817601 2.520000 0.000000 0.000000 0.000000 0.000000
1.823408 2.524000 0.000000 0.000000 0.000000 0.000000
1.829215 2.528000 0.000000 0.000000 0.000000 0.000000
1.835022 2.532000 0.000000 0.000000 0.000000 0.000000
1.840829 2.532000 0.000000 0.000000 0.000000 0.000000
1.846636 2.532000 0.000000 0.000000 0.000000 0.000000
1.852443 2.540000 0.000000 0.000000 0.000000 0.000000
1.858250 2.544000 0.000000 0.000000 0.000000 0.000000
1.864057 2.548000 0.000000 0.000000 0.000000 0.000000
1.869864 2.560000 0.000000 0.000000 0.000000 0.000000
1.875671 2.592000 0.000000 0.000000 0.000000 0.000000
1.881478 25.000000 0.000000 0.000000 0.000000 0.000000
1.887285 25.000000 0.000000 0.000000 0.000000 0.000000
1.893092 25.000000 0.000000 0.000000 0.000000 0.000000
1.898899 25.000000 0.000000 0.000000 0.000000 0.000000
1.904706 25.000000 0.000000 0.000000 0.000000 0.000000
1.910513 25.000000 0.000000 0.000000 0.000000 0.000000
1.916320 25.000000 0.000000 0.000000 0.000000 0.000000
1.922127 25.000000 0.000000 0.000000 0.000000 0.000000
1.927934 25.000000 0.000000 0.000000 0.000000 0.000000
1.933741 25.000000 0.000000 0.000000 0.000000 0.000000
1.939548 0.514000 0.000000 0.000000 0.000000 0.000000
1.945355 0.514000 0.000000 0.000000 0.000000 0.000000
1.951162 0.514000 0.000000 0.000000 0.000000 0.000000
1.956969 0.514000 0.000000 0.000000 0.000000 0.000000
1.962776 0.514000 0.000000 0.000000 0.000000 0.000000
1.968583 0.514000 0.000000 0.000000 0.000000 0.000000
1.974390 0.514000 0.000000 0.000000 0.000000 0.000000
1.980197 0.511000 0.000000 0.000000 0.000000 0.000000
1.986004 0.510000 0.000000 0.000000 0.000000 0.000000
1.991811 0.512000 0.000000 0.000000 0.000000 0.000000
1.997618 25.000000 0.000000 0.000000 0.000000 0.000000
2.003425 25.000000 0.000000 0.000000 0.000000 0.000000
2.009232 25.000000 0.000000 0.000000 0.000000 0.000000
2.015039 25.000000 0.000000 0.000000 0.000000 0.000000
2.020846 25.000000 0.000000 0.000000 0.000000 0.000000
2.026653 25.000000 0.000000 0.000000 0.000000 0.000000
2.032459 25.000000 0.000000 0.000000 0.000000 0.000000
2.038266 25.000000 0.000000 0.000000 0.000000 0.000000
2.044073 25.000000 0.000000 0.000000 0.000000 0.000000
2.049880 25.000000 0.000000 0.000000 0.000000 0.000000
2.055687 25.000000 0.000000 0.000000 0.000000 0.000000
2.061494 25.000000 0.000000 0.000000 0.000000 0.000000
2.067301 25.000000 0.000000 0.000000 0.000000 0.000000
2.073108 25.000000 0.000000 0.000000 0.000000 0.000000
2.078915 25.000000 0.000000 0.000000 0.000000 0.000000
2.084722 25.000000 0.000000 0.000000 0.000000 0.000000
2.090529 25.000000 0.000000 0.000000 0.000000 0.000000
2.096336 25.000000 0.000000 0.000000 0.000000 0.000000
2.102143 25.000000 0.000000 0.000000 0.000000 0.000000
2.107950 25.000000 0.000000 0.000000 0.000000 0.000000
2.113757 25.000000 0.000000 0.000000 0.000000 0.000000
2.119564 1.930000 0.000000 0.000000 0.000000 0.000000
2.125371 1.930000 0.000000 0.000000 0.000000 0.000000
2.131178 1.930000 0.000000 0.000000 0.000000 0.000000
2.136985 25.000000 0.000000 0.000000 0.000000 0.000000
2.142792 25.000000 0.000000 0.000000 0.000000 0.000000
2.148599 25.000000 0.000000 0.000000 0.000000 0.000000
2.154406 25.000000 0.000000 0.000000 0.000000 0.000000
2.160213 25.000000 0.000000 0.000000 0.000000 0.000000
2.166020 25.000000 0.000000 0.000000 0.000000 0.000000
2.171827 25.000000 0.000000 0.000000 0.000000 0.000000
2.177634 25.000000 0.000000 0.000000 0.000000 0.000000
2.183441 25.000000 0.000000 0.000000 0.000000 0.000000
2.189248 25.000000 0.000000 0.000000 0.000000 0.000000
2.195055 25.000000 0.000000 0.000000 0.000000 0.000000
2.200862 25.000000 0.000000 0.000000 0.000000 0.000000
2.206669 25.000000 0.000000 0.000000 0.000000 0.000000
2.212476 25.000000 0.000000 0.000000 0.000000 0.000000
2.218283 25.000000 0.000000 0.000000 0.000000 0.000000
2.224090 25.000000 0.000000 0.000000 0.000000 0.000000
2.229897 25.000000 0.000000 0.000000 0.000000 0.000000
2.235704 25.000000 0.000000 0.000000 0.000000 0.000000
2.241511 25.000000 0.000000 0.000000 0.000000 0.000000
2.247318 25.000000 0.000000 0.000000 0.000000 0.000000
2.253125 25.000000 0.000000 0.000000 0.000000 0.000000
2.258932 25.000000 0.000000 0.000000 0.000000 0.000000
2.264739 25.000000 0.000000 0.000000 0.000000 0.000000
2.270546 25.000000 0.000000 0.000000 0.000000 0.000000
2.276353 25.000000 0.000000 0.000000 0.000000 0.000000
2.282160 25.000000 0.000000 0.000000 0.000000 0.000000
2.287967 25.000000 0.000000 0.000000 0.000000 0.000000
2.293774 25.000000 0.000000 0.000000 0.000000 0.000000
2.299581 25.000000 0.000000 0.000000 0.000000 0.000000
2.305388 25.000000 0.000000 0.000000 0.000000 0.000000
2.311195 25.000000 0.000000 0.000000 0.000000 0.000000
2.317002 25.000000 0.000000 0.000000 0.000000 0.000000
2.322809 25.000000 0.000000 0.000000 0.000000 0.000000
2.328615 2.532000 0.000000 0.000000 0.000000 0.000000
2.334422 2.532000 0.000000 0.000000 0.000000 0.000000
2.340229 2.532000 0.000000 0.000000 0.000000 0.000000
2.346036 2.540000 0.000000 0.000000 0.000000 0.000000
2.351843 2.540000 0.000000 0.000000 0.000000 0.000000
2.357650 2.548000 0.000000 0.000000 0.000000 0.000000
2.363457 2.552000 0.000000 0.000000 0.000000 0.000000
2.369264 2.556000 0.000000 0.000000 0.000000 0.000000
2.375071 2.568000 0.000000 0.000000 0.000000 0.000000
2.380878 2.576000 0.000000 0.000000 0.000000 0.000000
2.386685 2.584000 0.000000 0.000000 0.000000 0.000000
2.392492 2.608000 0.000000 0.000000 0.000000 0.000000
2.398299 2.608000 0.000000 0.000000 0.000000 0.000000
2.404106 2.580000 0.000000 0.000000 0.000000 0.000000
2.409913 2.552000 0.000000 0.000000 0.000000 0.000000
2.415720 2.532000 0.000000 0.000000 0.000000 0.000000
2.421527 2.516000 0.000000 0.000000 0.000000 0.000000
2.427334 2.484000 0.000000 0.000000 0.000000 0.000000
2.433141 2.464000 0.000000 0.000000 0.000000 0.000000
2.438948 2.448000 0.000000 0.000000 0.000000 0.000000
2.444755 2.420000 0.000000 0.000000 0.000000 0.000000
2.450562 3.984000 0.000000 0.000000 0.000000 0.000000
2.456369 3.984000 0.000000 0.000000 0.000000 0.000000
2.462176 4.008000 0.000000 0.000000 0.000000 0.000000
2.467983 4.044000 0.000000 0.000000 0.000000 0.000000
2.473790 4.068000 0.000000 0.000000 0.000000 0.000000
2.479597 4.092000 0.000000 0.000000 0.000000 0.000000
2.485404 4.128000 0.000000 0.000000 0.000000 0.000000
2.491211 4.144000 0.000000 0.000000 0.000000 0.000000
2.497018 4.176000 0.000000 0.000000 0.000000 0.000000
2.502825 4.224000 0.000000 0.000000 0.000000 0.000000
2.508632 4.272000 0.000000 0.000000 0.000000 0.000000
2.514439 4.304000 0.000000 0.000000 0.000000 0.000000
2.520246 4.360000 0.000000 0.000000 0.000000 0.000000
2.526053 4.400000 0.000000 0.000000 0.000000 0.000000
2.531860 4.432000 0.000000 0.000000 0.000000 0.000000
2.537667 4.464000 0.000000 0.000000 0.000000 0.000000
2.543474 25.000000 0.000000 0.000000 0.000000 0.000000
2.549281 25.000000 0.000000 0.000000 0.000000 0.000000
2.555088 25.000000 0.000000 0.000000 0.000000 0.000000
2.560895 25.000000 0.000000 0.000000 0.000000 0.000000
2.566702 25.000000 0.000000 0.000000 0.000000 0.000000
2.572509 0.984000 0.000000 0.000000 0.000000 0.000000
2.578316 0.984000 0.000000 0.000000 0.000000 0.000000
2.584123 0.984000 0.000000 0.000000 0.000000 0.000000
2.589930 0.974000 0.000000 0.000000 0.000000 0.000000
2.595737 0.974000 0.000000 0.000000 0.000000 0.000000
2.601544 0.964000 0.000000 0.000000 0.000000 0.000000
2.607351 0.970000 0.000000 0.000000 0.000000 0.000000
2.613158 0.972000 0.000000 0.000000 0.000000 0.000000
2.618965 25.000000 0.000000 0.000000 0.000000 0.000000
2.624771 25.000000 0.000000 0.000000 0.000000 0.000000
2.630578 25.000000 0.000000 0.000000 0.000000 0.000000
2.636385 0.960000 0.000000 0.000000 0.000000 0.000000
2.642192 0.960000 0.000000 0.000000 0.000000 0.000000
2.647999 0.960000 0.000000 0.000000 0.000000 0.000000
2.653806 0.960000 0.000000 0.000000 0.000000 0.000000
2.659613 0.960000 0.000000 0.000000 0.000000 0.000000
2.665420 0.958000 0.000000 0.000000 0.000000 0.000000
2.671227 0.958000 0.000000 0.000000 0.000000 0.000000
2.677034 0.958000 0.000000 0.000000 0.000000 0.000000
2.682841 0.956000 0.000000 0.000000 0.000000 0.000000
2.688648 0.960000 0.000000 0.000000 0.000000 0.000000
2.694455 25.000000 0.000000 0.000000 0.000000 0.000000
2.700262 25.000000 0.000000 0.000000 0.000000 0.000000
2.706069 25.000000 0.000000 0.000000 0.000000 0.000000
2.711876 25.000000 0.000000 0.000000 0.000000 0.000000
2.717683 25.000000 0.000000 0.000000 0.000000 0.000000
2.723490 25.000000 0.000000 0.000000 0.000000 0.000000
2.729297 25.000000 0.000000 0.000000 0.000000 0.000000
2.735104 25.000000 0.000000 0.000000 0.000000 0.000000
2.740911 25.000000 0.000000 0.000000 0.000000 0.000000
2.746718 25.000000 0.000000 0.000000 0.000000 0.000000
2.752525 25.000000 0.000000 0.000000 0.000000 0.000000
2.758332 25.000000 0.000000 0.000000 0.000000 0.000000
2.764139 25.000000 0.000000 0.000000 0.000000 0.000000
2.769946 25.000000 0.000000 0.000000 0.000000 0.000000
2.775753 25.000000 0.000000 0.000000 0.000000 0.000000
2.781560 25.000000 0.000000 0.000000 0.000000 0.000000
2.787367 25.000000 0.000000 0.000000 0.000000 0.000000
2.793174 25.000000 0.000000 0.000000 0.000000 0.000000
2.798981 25.000000 0.000000 0.000000 0.000000 0.000000
2.804788 8.456000 0.000000 0.000000 0.000000 0.000000
2.810595 8.456000 0.000000 0.000000 0.000000 0.000000
2.816402 8.456000 0.000000 0.000000 0.000000 0.000000
2.822209 8.496000 0.000000 0.000000 0.000000 0.000000
2.828016 8.528000 0.000000 0.000000 0.000000 0.000000
2.833823 8.544000 0.000000 0.000000 0.000000 0.000000
2.839630 8.448000 0.000000 0.000000 0.000000 0.000000
2.845437 8.424000 0.000000 0.000000 0.000000 0.000000
2.851244 8.464000 0.000000 0.000000 0.000000 0.000000
2.857051 8.392000 0.000000 0.000000 0.000000 0.000000
2.862858 8.384000 0.000000 0.000000 0.000000 0.000000
2.868665 8.408000 0.000000 0.000000 0.000000 0.000000
2.874472 8.424000 0.000000 0.000000 0.000000 0.000000
2.880279 8.448000 0.000000 0.000000 0.000000 0.000000
2.886086 8.440000 0.000000 0.000000 0.000000 0.000000
2.891893 8.416000 0.000000 0.000000 0.000000 0.000000
2.897700 8.416000 0.000000 0.000000 0.000000 0.000000
2.903507 8.400000 0.000000 0.000000 0.000000 0.000000
2.909314 8.416000 0.000000 0.000000 0.000000 0.000000
2.915121 8.416000 0.000000 0.000000 0.000000 0.000000
2.920927 8.472000 0.000000 0.000000 0.000000 0.000000
2.926734 8.448000 0.000000 0.000000 0.000000 0.000000
2.932541 8.360000 0.000000 0.000000 0.000000 0.000000
2.938348 8.360000 0.000000 0.000000 0.000000 0.000000
2.944155 8.360000 0.000000 0.000000 0.000000 0.000000
2.949962 8.312000 0.000000 0.000000 0.000000 0.000000
2.955769 8.312000 0.000000 0.000000 0.000000 0.000000
2.961576 8.272000 0.000000 0.000000 0.000000 0.000000
2.967383 8.264000 0.000000 0.000000 0.000000 0.000000
2.973190 8.248000 0.000000 0.000000 0.000000 0.000000
2.978997 8.256000 0.000000 0.000000 0.000000 0.000000
2.984804 8.240000 0.000000 0.000000 0.000000 0.000000
2.990611 8.192000 0.000000 0.000000 0.000000 0.000000
2.996418 8.176000 0.000000 0.000000 0.000000 0.000000
3.002225 8.168000 0.000000 0.000000 0.000000 0.000000
3.008032 8.176000 0.000000 0.000000 0.000000 0.000000
3.013839 8.216000 0.000000 0.000000 0.000000 0.000000
3.019646 25.000000 0.000000 0.000000 0.000000 0.000000
3.025453 8.168000 0.000000 0.000000 0.000000 0.000000
3.031260 8.168000 0.000000 0.000000 0.000000 0.000000
3.037067 8.168000 0.000000 0.000000 0.000000 0.000000
3.042874 8.216000 0.000000 0.000000 0.000000 0.000000
3.048681 8.216000 0.000000 0.000000 0.000000 0.000000
3.054488 8.264000 0.000000 0.000000 0.000000 0.000000
3.060295 8.240000 0.000000 0.000000 0.000000 0.000000
3.066102 8.024000 0.000000 0.000000 0.000000 0.000000
3.071909 8.040000 0.000000 0.000000 0.000000 0.000000
3.077716 8.120000 0.000000 0.000000 0.000000 0.000000
3.083523 8.208000 0.000000 0.000000 0.000000 0.000000
3.089330 8.144000 0.000000 0.000000 0.000000 0.000000
3.095137 8.040000 0.000000 0.000000 0.000000 0.000000
3.100944 8.032000 0.000000 0.000000 0.000000 0.000000
3.106751 8.152000 0.000000 0.000000 0.000000 0.000000
3.112558 8.152000 0.000000 0.000000 0.000000 0.000000
3.118365 8.024000 0.000000 0.000000 0.000000 0.000000
3.124172 8.088000 0.000000 0.000000 0.000000 0.000000
3.129979 8.200000 0.000000 0.000000 0.000000 0.000000
3.135786 8.200000 0.000000 0.000000 0.000000 0.000000
3.141593 8.240000 0.000000 0.000000 0.000000 0.000000
